 2182.9500
 4276.3700
 6658.3900
 8783.5800
 10868.3500
 13016.4900
 15346.2800
 17576.3100
 19799.9900
 22095.0400
 24319.6000
 26665.2400
 29028.8200
 31624.6000
 34314.2400
 37268.0500
 40355.0500
 43143.1900
 46173.3900
 48831.5600
 51787.9300
 54633.3400
 57698.3000
 60938.7700
 64071.5700
 67364.8300
 70751.9500
 74352.3000
 78159.3100
 82167.0500
 86378.4200
 90545.4900
 95265.2700
 100811.7600
 105975.2800
 111176.0800
 116823.5100
 122396.4200
 128354.7400
 134528.0800
 141968.5700
 149922.0100
 158589.9000
 171388.5900
 183943.4000
 192865.3900
 202240.0900
 213549.2700
 230659.0000
 247488.9200
 264545.8500
 276067.7300
 287760.8400
 298204.7300
 309318.9800
 321697.7700
 339874.6600
 358521.9500
 372948.2400
 388536.2000
 403270.0100
 418832.6500
 434713.0600
 454141.9100
 475685.3000
 494543.0700
 518783.4800
 539585.5600
 561708.1300
 589088.4900
 613791.2600
 642822.2200
 666727.8300
 699951.3400
 726735.7100
 754358.9900
 782795.3300
 810825.4400
 840295.1600
 869886.0800
 909953.8600
 951890.8000
 990274.0200
 1025927.0900
 1060776.3300
 1095738.9200
 1131013.3500
 1168699.0700
 1208574.8400
 1248430.0400
 1293999.0300
 1337220.1300
 1383069.8400
 1429019.6100
 1478265.1100
 1526936.0100
 1577877.3600
 1630555.9000
 1683426.4900
 1738447.8600
 1794894.6700
 1851883.2300
 1909351.5600
 1967886.9500
 2031626.1200
 2098086.3700
 2164975.2800
 2234102.8300
 2308970.1100
 2379799.1900
 2453971.3000
 2532083.2200
 2612846.8900
 2693966.1100
 2776742.5200
 2860058.5500
 2942936.7000
 3031298.7900
 3119488.1300
 3215826.5400
 3313385.6500
 3408505.2500
 3506853.3800
 3610751.9500
 3720315.8200
 3823360.7800
 3932856.5100
 4043588.6400
 4161435.1100
 4276127.9700
 4396382.8700
 4519334.4300
 4648240.3500
 4777359.5900
 4907262.5800
 5041562.0100
 5184168.9500
 5320728.3000
 5462788.5400
 5623647.9200
 5784538.7100
 5943085.3500
 6107778.7800
 6263894.8100
 6423876.6900
 6590765.4100
 6754977.8300
 6937412.1500
 7110703.9000
 7288752.7200
 7476276.7600
 7670654.5300
 7871277.5400
 8081899.5300
 8296163.9800
 8498658.5800
 8711273.2300
 8908022.0800
 9110018.3700
 9316481.7600
 9527935.4300
 9740844.5600
 9958618.2400
 10185321.0300
 10424032.6100
 10659083.3900
 10892860.9900
 11129789.0600
 11374667.7400
 11642096.5700
 11902508.9400
 12184557.5700
 12455900.3200
 12725663.9100
 12993767.3900
 13272085.9500
 13555212.5600
 13837328.4800
 14141166.3100
 14444485.1700
 14777292.8700
 15092137.2600
 15408740.0800
 15750904.6300
 16067940.3800
 16394347.7400
 16732997.8700
 17086985.5900
 17468100.5800
 17830688.5700
 18211871.5600
 18588470.0500
 18968840.1200
 19360435.8700
 19733257.6400
 20115000.4500
 20493680.5100
 20886358.8800
 21286932.3500
 21715770.2100
